  1    0.000000
  2    0.000000
  3    0.014090
  4    0.010716
  5    0.008334
  6    0.006893
  7    0.005754
  8    0.005012
  9    0.004413
 10    0.003831
 11    0.003429
 12    0.003060
 13    0.002716
 14    0.002520
 15    0.002265
 16    0.002073
 17    0.001910
 18    0.001778
 19    0.001683
 20    0.001531
 21    0.001444
 22    0.001329
 23    0.001252
 24    0.001188
 25    0.001123
 26    0.001057
 27    0.001004
 28    0.000946
 29    0.000898
 30    0.000845
 31    0.000817
 32    0.000775
 33    0.000741
 34    0.000704
 35    0.000677
 36    0.000651
 37    0.000630
 38    0.000591
 39    0.000591
 40    0.000562
 41    0.000535
 42    0.000531
 43    0.000507
 44    0.000499
 45    0.000484
 46    0.000466
 47    0.000449
 48    0.000436
 49    0.000427
 50    0.000417
 51    0.000407
 52    0.000402
 53    0.000384
 54    0.000372
 55    0.000370
 56    0.000363
 57    0.000358
 58    0.000345
 59    0.000337
 60    0.000326
 61    0.000326
 62    0.000314
 63    0.000309
 64    0.000308
 65    0.000296
 66    0.000291
 67    0.000283
 68    0.000277
 69    0.000277
 70    0.000265
 71    0.000262
 72    0.000258
 73    0.000249
 74    0.000246
 75    0.000241
 76    0.000240
 77    0.000236
 78    0.000225
 79    0.000222
 80    0.000222
 81    0.000218
 82    0.000212
 83    0.000208
 84    0.000207
 85    0.000199
 86    0.000199
 87    0.000194
 88    0.000196
 89    0.000188
 90    0.000185
 91    0.000181
 92    0.000176
 93    0.000174
 94    0.000171
 95    0.000169
 96    0.000165
 97    0.000165
 98    0.000160
 99    0.000159
100    0.000156
101    0.000154
102    0.000148
103    0.000148
104    0.000144
105    0.000141
106    0.000138
107    0.000139
108    0.000137
109    0.000135
110    0.000133
111    0.000130
112    0.000129
113    0.000126
114    0.000125
115    0.000124
116    0.000119
117    0.000119
118    0.000119
119    0.000115
120    0.000115
121    0.000112
122    0.000112
123    0.000110
124    0.000109
125    0.000107
126    0.000103
127    0.000106
128    0.000102
