0.010000    0.000000 
0.020000    0.000000 
0.030000    0.000000 
0.040000    0.000000 
0.050000    0.000000 
0.060000    0.000000 
0.070000    0.000000 
0.080000    0.000000 
0.090000    0.000000 
0.100000    0.000000 
0.110000    0.000000 
0.120000    0.000000 
0.130000    0.000000 
0.140000    0.000000 
0.150000    0.000000 
0.160000    0.000000 
0.170000    0.000000 
0.180000    0.000000 
0.190000    0.000000 
0.200000    0.000000 
0.210000    0.000000 
0.220000    0.000000 
0.230000    0.000000 
0.240000    0.000000 
0.250000    0.000000 
0.260000    0.000000 
0.270000    0.000000 
0.280000    0.000000 
0.290000    0.000000 
0.300000    0.000000 
0.310000    0.000037 
0.320000    0.000000 
0.330000    0.000074 
0.340000    0.000037 
0.350000    0.000222 
0.360000    0.000407 
0.370000    0.000704 
0.380000    0.000963 
0.390000    0.001370 
0.400000    0.002111 
0.410000    0.003815 
0.420000    0.005852 
0.430000    0.007815 
0.440000    0.012407 
0.450000    0.016444 
0.460000    0.022778 
0.470000    0.034963 
0.480000    0.046852 
0.490000    0.062593 
0.500000    0.085481 
0.510000    0.109037 
0.520000    0.142111 
0.530000    0.178963 
0.540000    0.216852 
0.550000    0.266407 
0.560000    0.321556 
0.570000    0.379074 
0.580000    0.445407 
0.590000    0.508593 
0.600000    0.564852 
0.610000    0.630704 
0.620000    0.686630 
0.630000    0.744037 
0.640000    0.790444 
0.650000    0.837741 
0.660000    0.873815 
0.670000    0.903556 
0.680000    0.928259 
0.690000    0.947778 
0.700000    0.964444 
0.710000    0.976222 
0.720000    0.982111 
0.730000    0.989630 
0.740000    0.992778 
0.750000    0.996111 
0.760000    0.997185 
0.770000    0.998407 
0.780000    0.999407 
0.790000    0.999741 
0.800000    0.999704 
0.810000    0.999963 
0.820000    1.000000 
0.830000    1.000000 
0.840000    1.000000 
0.850000    1.000000 
0.860000    1.000000 
0.870000    1.000000 
0.880000    1.000000 
0.890000    1.000000 
0.900000    1.000000 
0.910000    1.000000 
0.920000    1.000000 
0.930000    1.000000 
0.940000    1.000000 
0.950000    1.000000 
0.960000    1.000000 
0.970000    1.000000 
0.980000    1.000000 
0.990000    1.000000 
1.000000    1.000000 
