-0.587123    0.000000 
-0.577123    0.000000 
-0.567123    0.000000 
-0.557123    0.000000 
-0.547123    0.000000 
-0.537123    0.000000 
-0.527123    0.000000 
-0.517123    0.000000 
-0.507123    0.000000 
-0.497123    0.000000 
-0.487123    0.000000 
-0.477123    0.000000 
-0.467123    0.000000 
-0.457123    0.000000 
-0.447123    0.000000 
-0.437123    0.000000 
-0.427123    0.000000 
-0.417123    0.000000 
-0.407123    0.000000 
-0.397123    0.000000 
-0.387123    0.000000 
-0.377123    0.000000 
-0.367123    0.000000 
-0.357123    0.000000 
-0.347123    0.000000 
-0.337123    0.000000 
-0.327123    0.000000 
-0.317123    0.000000 
-0.307123    0.000000 
-0.297123    0.000000 
-0.287123    0.000000 
-0.277123    0.000000 
-0.267123    0.000000 
-0.257123    0.000000 
-0.247123    0.000000 
-0.237123    0.000000 
-0.227123    0.000000 
-0.217123    0.000000 
-0.207123    0.000000 
-0.197123    0.000000 
-0.187123    0.007821 
-0.177123    0.015641 
-0.167123    0.086026 
-0.157123    0.164231 
-0.147123    0.336283 
-0.137123    0.656926 
-0.127123    1.133979 
-0.117123    1.626674 
-0.107123    2.768473 
-0.097123    3.746042 
-0.087123    4.457711 
-0.077123    5.544767 
-0.067123    5.724640 
-0.057123    5.818486 
-0.047123    5.912333 
-0.037123    4.942585 
-0.027123    4.559379 
-0.017123    3.777324 
-0.007123    2.658986 
0.002877    2.072445 
0.012877    1.751802 
0.022877    1.133979 
0.032877    0.680387 
0.042877    0.531797 
0.052877    0.312822 
0.062877    0.211155 
0.072877    0.148590 
0.082877    0.062564 
0.092877    0.031282 
0.102877    0.031282 
0.112877    0.000000 
0.122877    0.007821 
0.132877    0.000000 
0.142877    0.007821 
0.152877    0.000000 
0.162877    0.000000 
0.172877    0.000000 
0.182877    0.000000 
0.192877    0.000000 
0.202877    0.000000 
0.212877    0.000000 
0.222877    0.000000 
0.232877    0.000000 
0.242877    0.000000 
0.252877    0.000000 
0.262877    0.000000 
0.272877    0.000000 
0.282877    0.000000 
0.292877    0.000000 
0.302877    0.000000 
0.312877    0.000000 
0.322877    0.000000 
0.332877    0.000000 
0.342877    0.000000 
0.352877    0.000000 
0.362877    0.000000 
0.372877    0.000000 
0.382877    0.000000 
0.392877    0.000000 
0.402877    0.000000 
