-0.587123    0.000000 
-0.577123    0.000000 
-0.567123    0.000000 
-0.557123    0.000000 
-0.547123    0.000000 
-0.537123    0.000000 
-0.527123    0.000000 
-0.517123    0.000000 
-0.507123    0.000000 
-0.497123    0.000000 
-0.487123    0.000000 
-0.477123    0.000000 
-0.467123    0.000000 
-0.457123    0.000000 
-0.447123    0.000000 
-0.437123    0.000000 
-0.427123    0.000000 
-0.417123    0.000000 
-0.407123    0.000000 
-0.397123    0.000000 
-0.387123    0.000000 
-0.377123    0.000000 
-0.367123    0.000000 
-0.357123    0.000000 
-0.347123    0.000000 
-0.337123    0.000000 
-0.327123    0.000000 
-0.317123    0.000000 
-0.307123    0.000000 
-0.297123    0.000000 
-0.287123    0.000000 
-0.277123    0.000000 
-0.267123    0.000000 
-0.257123    0.000000 
-0.247123    0.000000 
-0.237123    0.000000 
-0.227123    0.000000 
-0.217123    0.000000 
-0.207123    0.000000 
-0.197123    0.000000 
-0.187123    0.000000 
-0.177123    0.000000 
-0.167123    0.000000 
-0.157123    0.000000 
-0.147123    0.021638 
-0.137123    0.086552 
-0.127123    0.238018 
-0.117123    0.346208 
-0.107123    0.908795 
-0.097123    1.817590 
-0.087123    2.596557 
-0.077123    3.548628 
-0.067123    4.998373 
-0.057123    5.777340 
-0.047123    5.993720 
-0.037123    6.123548 
-0.027123    5.755702 
-0.017123    4.392509 
-0.007123    4.024664 
0.002877    2.748023 
0.012877    1.990694 
0.022877    1.449745 
0.032877    0.930433 
0.042877    0.454398 
0.052877    0.259656 
0.062877    0.151466 
0.072877    0.064914 
0.082877    0.043276 
0.092877    0.043276 
0.102877    0.000000 
0.112877    0.021638 
0.122877    0.000000 
0.132877    0.000000 
0.142877    0.000000 
0.152877    0.000000 
0.162877    0.000000 
0.172877    0.000000 
0.182877    0.000000 
0.192877    0.000000 
0.202877    0.000000 
0.212877    0.000000 
0.222877    0.000000 
0.232877    0.000000 
0.242877    0.000000 
0.252877    0.000000 
0.262877    0.000000 
0.272877    0.000000 
0.282877    0.000000 
0.292877    0.000000 
0.302877    0.000000 
0.312877    0.000000 
0.322877    0.000000 
0.332877    0.000000 
0.342877    0.000000 
0.352877    0.000000 
0.362877    0.000000 
0.372877    0.000000 
0.382877    0.000000 
0.392877    0.000000 
0.402877    0.000000 
