-0.587123    0.000000 
-0.577123    0.000000 
-0.567123    0.000000 
-0.557123    0.000000 
-0.547123    0.000000 
-0.537123    0.000000 
-0.527123    0.000000 
-0.517123    0.000000 
-0.507123    0.000000 
-0.497123    0.000000 
-0.487123    0.000000 
-0.477123    0.000000 
-0.467123    0.000000 
-0.457123    0.000000 
-0.447123    0.000000 
-0.437123    0.000000 
-0.427123    0.000000 
-0.417123    0.000000 
-0.407123    0.000000 
-0.397123    0.000000 
-0.387123    0.000000 
-0.377123    0.000000 
-0.367123    0.000000 
-0.357123    0.000000 
-0.347123    0.000000 
-0.337123    0.000000 
-0.327123    0.000000 
-0.317123    0.000000 
-0.307123    0.000000 
-0.297123    0.000000 
-0.287123    0.000000 
-0.277123    0.000000 
-0.267123    0.000000 
-0.257123    0.000000 
-0.247123    0.000000 
-0.237123    0.000000 
-0.227123    0.000000 
-0.217123    0.000000 
-0.207123    0.000000 
-0.197123    0.000000 
-0.187123    0.000000 
-0.177123    0.000000 
-0.167123    0.000000 
-0.157123    0.000000 
-0.147123    0.081237 
-0.137123    0.146227 
-0.127123    0.276207 
-0.117123    0.731137 
-0.107123    1.332294 
-0.097123    2.128420 
-0.087123    3.152012 
-0.077123    4.078118 
-0.067123    4.695523 
-0.057123    5.605381 
-0.047123    5.816599 
-0.037123    5.979074 
-0.027123    4.906740 
-0.017123    4.468058 
-0.007123    3.460714 
0.002877    2.599597 
0.012877    1.705986 
0.022877    1.137324 
0.032877    0.747384 
0.042877    0.357445 
0.052877    0.227465 
0.062877    0.162475 
0.072877    0.113732 
0.082877    0.081237 
0.092877    0.032495 
0.102877    0.016247 
0.112877    0.016247 
0.122877    0.000000 
0.132877    0.000000 
0.142877    0.000000 
0.152877    0.000000 
0.162877    0.000000 
0.172877    0.000000 
0.182877    0.000000 
0.192877    0.000000 
0.202877    0.000000 
0.212877    0.000000 
0.222877    0.000000 
0.232877    0.000000 
0.242877    0.000000 
0.252877    0.000000 
0.262877    0.000000 
0.272877    0.000000 
0.282877    0.000000 
0.292877    0.000000 
0.302877    0.000000 
0.312877    0.000000 
0.322877    0.000000 
0.332877    0.000000 
0.342877    0.000000 
0.352877    0.000000 
0.362877    0.000000 
0.372877    0.000000 
0.382877    0.000000 
0.392877    0.000000 
0.402877    0.000000 
