-0.587123    0.000000 
-0.577123    0.000000 
-0.567123    0.000000 
-0.557123    0.000000 
-0.547123    0.000000 
-0.537123    0.000000 
-0.527123    0.000000 
-0.517123    0.000000 
-0.507123    0.000000 
-0.497123    0.000000 
-0.487123    0.000000 
-0.477123    0.000000 
-0.467123    0.000000 
-0.457123    0.000000 
-0.447123    0.000000 
-0.437123    0.000000 
-0.427123    0.000000 
-0.417123    0.000000 
-0.407123    0.000000 
-0.397123    0.000000 
-0.387123    0.000000 
-0.377123    0.000000 
-0.367123    0.000000 
-0.357123    0.000000 
-0.347123    0.000000 
-0.337123    0.000000 
-0.327123    0.000000 
-0.317123    0.000000 
-0.307123    0.000000 
-0.297123    0.001895 
-0.287123    0.006632 
-0.277123    0.018002 
-0.267123    0.032214 
-0.257123    0.068217 
-0.247123    0.107064 
-0.237123    0.162964 
-0.227123    0.301294 
-0.217123    0.481312 
-0.207123    0.760814 
-0.197123    1.142643 
-0.187123    1.482783 
-0.177123    2.001046 
-0.167123    2.523099 
-0.157123    3.191062 
-0.147123    3.807862 
-0.137123    4.437926 
-0.127123    5.024406 
-0.117123    5.489612 
-0.107123    5.703739 
-0.097123    5.875230 
-0.087123    5.789958 
-0.077123    5.522773 
-0.067123    5.147577 
-0.057123    4.693741 
-0.047123    4.175478 
-0.037123    3.695113 
-0.027123    3.115265 
-0.017123    2.629215 
-0.007123    2.006731 
0.002877    1.633430 
0.012877    1.338768 
0.022877    1.051686 
0.032877    0.743760 
0.042877    0.583638 
0.052877    0.451941 
0.062877    0.303189 
0.072877    0.207495 
0.082877    0.132645 
0.092877    0.113696 
0.102877    0.072007 
0.112877    0.053058 
0.122877    0.033161 
0.132877    0.011370 
0.142877    0.007580 
0.152877    0.005685 
0.162877    0.001895 
0.172877    0.000000 
0.182877    0.002842 
0.192877    0.000000 
0.202877    0.001895 
0.212877    0.000947 
0.222877    0.000000 
0.232877    0.000000 
0.242877    0.000000 
0.252877    0.000000 
0.262877    0.000000 
0.272877    0.000000 
0.282877    0.000000 
0.292877    0.000000 
0.302877    0.000000 
0.312877    0.000000 
0.322877    0.000000 
0.332877    0.000000 
0.342877    0.000000 
0.352877    0.000000 
0.362877    0.000000 
0.372877    0.000000 
0.382877    0.000000 
0.392877    0.000000 
0.402877    0.000000 
