-0.587123    0.000000 
-0.577123    0.000000 
-0.567123    0.000000 
-0.557123    0.000000 
-0.547123    0.000000 
-0.537123    0.000000 
-0.527123    0.000000 
-0.517123    0.000000 
-0.507123    0.000000 
-0.497123    0.000000 
-0.487123    0.000000 
-0.477123    0.000000 
-0.467123    0.000000 
-0.457123    0.000000 
-0.447123    0.000000 
-0.437123    0.000000 
-0.427123    0.000000 
-0.417123    0.000000 
-0.407123    0.000000 
-0.397123    0.000000 
-0.387123    0.000000 
-0.377123    0.000000 
-0.367123    0.000000 
-0.357123    0.000000 
-0.347123    0.000000 
-0.337123    0.000000 
-0.327123    0.000000 
-0.317123    0.000000 
-0.307123    0.000000 
-0.297123    0.000000 
-0.287123    0.000000 
-0.277123    0.000000 
-0.267123    0.000000 
-0.257123    0.004966 
-0.247123    0.007450 
-0.237123    0.012416 
-0.227123    0.029798 
-0.217123    0.044697 
-0.207123    0.136575 
-0.197123    0.166373 
-0.187123    0.268184 
-0.177123    0.593481 
-0.167123    0.826901 
-0.157123    1.308639 
-0.147123    1.852456 
-0.137123    2.557681 
-0.127123    3.464043 
-0.117123    4.079873 
-0.107123    4.705636 
-0.097123    5.425760 
-0.087123    5.870250 
-0.077123    5.852868 
-0.067123    5.773406 
-0.057123    5.515154 
-0.047123    5.105429 
-0.037123    4.199066 
-0.027123    3.943298 
-0.017123    3.096532 
-0.007123    2.378891 
0.002877    1.877288 
0.012877    1.430315 
0.022877    1.085152 
0.032877    0.787170 
0.042877    0.578582 
0.052877    0.355095 
0.062877    0.255768 
0.072877    0.193688 
0.082877    0.131609 
0.092877    0.076979 
0.102877    0.037248 
0.112877    0.022349 
0.122877    0.017382 
0.132877    0.012416 
0.142877    0.009933 
0.152877    0.002483 
0.162877    0.002483 
0.172877    0.002483 
0.182877    0.000000 
0.192877    0.000000 
0.202877    0.000000 
0.212877    0.000000 
0.222877    0.000000 
0.232877    0.000000 
0.242877    0.000000 
0.252877    0.000000 
0.262877    0.000000 
0.272877    0.000000 
0.282877    0.000000 
0.292877    0.000000 
0.302877    0.000000 
0.312877    0.000000 
0.322877    0.000000 
0.332877    0.000000 
0.342877    0.000000 
0.352877    0.000000 
0.362877    0.000000 
0.372877    0.000000 
0.382877    0.000000 
0.392877    0.000000 
0.402877    0.000000 
