0.010000    0.000000 
0.020000    0.000000 
0.030000    0.000000 
0.040000    0.000000 
0.050000    0.000000 
0.060000    0.000000 
0.070000    0.000000 
0.080000    0.000000 
0.090000    0.000000 
0.100000    0.000000 
0.110000    0.000000 
0.120000    0.000000 
0.130000    0.000000 
0.140000    0.000000 
0.150000    0.000000 
0.160000    0.000000 
0.170000    0.000000 
0.180000    0.000000 
0.190000    0.000000 
0.200000    0.000000 
0.210000    0.000000 
0.220000    0.000000 
0.230000    0.000000 
0.240000    0.000000 
0.250000    0.000000 
0.260000    0.000000 
0.270000    0.000000 
0.280000    0.000000 
0.290000    0.000000 
0.300000    0.000000 
0.310000    0.000000 
0.320000    0.000000 
0.330000    0.000000 
0.340000    0.000000 
0.350000    0.000000 
0.360000    0.000000 
0.370000    0.000000 
0.380000    0.000000 
0.390000    0.000000 
0.400000    0.000000 
0.410000    0.000000 
0.420000    0.000000 
0.430000    0.000000 
0.440000    0.000000 
0.450000    0.000000 
0.460000    0.000000 
0.470000    0.000000 
0.480000    0.000000 
0.490000    0.000000 
0.500000    0.000000 
0.510000    0.000000 
0.520000    0.000000 
0.530000    0.000000 
0.540000    0.000034 
0.550000    0.000259 
0.560000    0.002190 
0.570000    0.011129 
0.580000    0.046801 
0.590000    0.135505 
0.600000    0.272190 
0.610000    0.403435 
0.620000    0.493522 
0.630000    0.547207 
0.640000    0.580113 
0.650000    0.604295 
0.660000    0.624313 
0.670000    0.641700 
0.680000    0.657366 
0.690000    0.671662 
0.700000    0.685091 
0.710000    0.697852 
0.720000    0.710083 
0.730000    0.721960 
0.740000    0.733417 
0.750000    0.744663 
0.760000    0.755707 
0.770000    0.766564 
0.780000    0.777241 
0.790000    0.787845 
0.800000    0.798299 
0.810000    0.808698 
0.820000    0.819042 
0.830000    0.829289 
0.840000    0.839511 
0.850000    0.849667 
0.860000    0.859806 
0.870000    0.869918 
0.880000    0.879989 
0.890000    0.890038 
0.900000    0.900072 
0.910000    0.910105 
0.920000    0.920122 
0.930000    0.930113 
0.940000    0.940101 
0.950000    0.950072 
0.960000    0.960082 
0.970000    0.970082 
0.980000    0.980031 
0.990000    0.990022 
1.000000    1.000000 
