0.010000    0.000000 
0.020000    0.000000 
0.030000    0.000000 
0.040000    0.000000 
0.050000    0.000000 
0.060000    0.000000 
0.070000    0.000000 
0.080000    0.000000 
0.090000    0.000000 
0.100000    0.000000 
0.110000    0.000000 
0.120000    0.000000 
0.130000    0.000000 
0.140000    0.000000 
0.150000    0.000000 
0.160000    0.000000 
0.170000    0.000000 
0.180000    0.000000 
0.190000    0.000000 
0.200000    0.000000 
0.210000    0.000000 
0.220000    0.000000 
0.230000    0.000000 
0.240000    0.000000 
0.250000    0.000000 
0.260000    0.000000 
0.270000    0.000000 
0.280000    0.000000 
0.290000    0.000000 
0.300000    0.000000 
0.310000    0.000000 
0.320000    0.000000 
0.330000    0.000016 
0.340000    0.000017 
0.350000    0.000012 
0.360000    0.000042 
0.370000    0.000090 
0.380000    0.000126 
0.390000    0.000161 
0.400000    0.000394 
0.410000    0.000786 
0.420000    0.001361 
0.430000    0.001732 
0.440000    0.002837 
0.450000    0.004032 
0.460000    0.006304 
0.470000    0.008996 
0.480000    0.012979 
0.490000    0.017093 
0.500000    0.024688 
0.510000    0.033842 
0.520000    0.044919 
0.530000    0.058723 
0.540000    0.076327 
0.550000    0.096578 
0.560000    0.121713 
0.570000    0.149227 
0.580000    0.182055 
0.590000    0.216970 
0.600000    0.256258 
0.610000    0.294318 
0.620000    0.336586 
0.630000    0.377854 
0.640000    0.420704 
0.650000    0.461297 
0.660000    0.498343 
0.670000    0.532536 
0.680000    0.566965 
0.690000    0.597422 
0.700000    0.625543 
0.710000    0.648365 
0.720000    0.671442 
0.730000    0.690504 
0.740000    0.710207 
0.750000    0.725835 
0.760000    0.740871 
0.770000    0.754359 
0.780000    0.767555 
0.790000    0.780749 
0.800000    0.792442 
0.810000    0.803905 
0.820000    0.815408 
0.830000    0.826395 
0.840000    0.836850 
0.850000    0.847811 
0.860000    0.858200 
0.870000    0.868816 
0.880000    0.879133 
0.890000    0.889385 
0.900000    0.899545 
0.910000    0.909823 
0.920000    0.919734 
0.930000    0.929838 
0.940000    0.939944 
0.950000    0.949987 
0.960000    0.960193 
0.970000    0.970052 
0.980000    0.980106 
0.990000    0.990043 
1.000000    1.000000 
