  1    0.023142
  2    0.005966
  3    0.003800
  4    0.002545
  5    0.001827
  6    0.001385
  7    0.001095
  8    0.000877
  9    0.000745
 10    0.000636
 11    0.000548
 12    0.000490
 13    0.000418
 14    0.000388
 15    0.000343
 16    0.000312
 17    0.000289
 18    0.000250
 19    0.000238
 20    0.000223
 21    0.000207
 22    0.000188
 23    0.000173
 24    0.000159
 25    0.000150
 26    0.000134
 27    0.000141
 28    0.000136
 29    0.000120
 30    0.000118
 31    0.000117
 32    0.000102
 33    0.000099
 34    0.000094
 35    0.000084
 36    0.000086
 37    0.000093
 38    0.000079
 39    0.000072
 40    0.000079
 41    0.000076
 42    0.000068
 43    0.000070
 44    0.000065
 45    0.000069
 46    0.000063
 47    0.000062
 48    0.000063
 49    0.000059
 50    0.000054
 51    0.000062
 52    0.000056
 53    0.000055
 54    0.000054
 55    0.000051
 56    0.000050
 57    0.000053
 58    0.000055
 59    0.000049
 60    0.000046
 61    0.000048
 62    0.000050
 63    0.000046
 64    0.000047
 65    0.000043
 66    0.000041
 67    0.000045
 68    0.000042
 69    0.000043
 70    0.000047
 71    0.000040
 72    0.000041
 73    0.000042
 74    0.000046
 75    0.000039
 76    0.000039
 77    0.000036
 78    0.000036
 79    0.000041
 80    0.000041
 81    0.000038
 82    0.000041
 83    0.000040
 84    0.000036
 85    0.000036
 86    0.000033
 87    0.000040
 88    0.000036
 89    0.000035
 90    0.000035
 91    0.000036
 92    0.000038
 93    0.000036
 94    0.000034
 95    0.000038
 96    0.000038
 97    0.000037
 98    0.000035
 99    0.000033
100    0.000036
101    0.000034
102    0.000035
103    0.000031
104    0.000035
105    0.000033
106    0.000028
107    0.000033
108    0.000033
109    0.000034
110    0.000034
111    0.000028
112    0.000031
113    0.000034
114    0.000034
115    0.000035
116    0.000030
117    0.000032
118    0.000033
119    0.000035
120    0.000030
121    0.000028
122    0.000029
123    0.000034
124    0.000030
125    0.000032
126    0.000031
127    0.000031
128    0.000029
129    0.000029
130    0.000028
131    0.000027
132    0.000025
133    0.000024
134    0.000024
135    0.000027
136    0.000027
137    0.000023
138    0.000023
139    0.000024
140    0.000025
141    0.000020
142    0.000018
143    0.000016
144    0.000018
145    0.000019
146    0.000016
147    0.000016
148    0.000012
149    0.000016
150    0.000012
151    0.000011
152    0.000011
153    0.000010
154    0.000011
155    0.000007
156    0.000007
157    0.000007
158    0.000007
159    0.000005
160    0.000004
161    0.000004
162    0.000004
163    0.000004
164    0.000002
165    0.000002
166    0.000001
167    0.000000
168    0.000001
169    0.000001
170    0.000001
171    0.000000
172    0.000000
173    0.000001
174    0.000000
175    0.000000
178    0.000000
