0.010000    0.000000 
0.020000    0.000000 
0.030000    0.000000 
0.040000    0.000000 
0.050000    0.000000 
0.060000    0.000000 
0.070000    0.000000 
0.080000    0.000000 
0.090000    0.000000 
0.100000    0.000000 
0.110000    0.000000 
0.120000    0.000000 
0.130000    0.000000 
0.140000    0.000000 
0.150000    0.000037 
0.160000    0.000074 
0.170000    0.000370 
0.180000    0.000593 
0.190000    0.000704 
0.200000    0.000926 
0.210000    0.002481 
0.220000    0.004519 
0.230000    0.006889 
0.240000    0.010630 
0.250000    0.017148 
0.260000    0.027852 
0.270000    0.039148 
0.280000    0.057926 
0.290000    0.080333 
0.300000    0.116370 
0.310000    0.153481 
0.320000    0.211519 
0.330000    0.288926 
0.340000    0.371481 
0.350000    0.484556 
0.360000    0.618148 
0.370000    0.782481 
0.380000    0.995926 
0.390000    1.240778 
0.400000    1.517963 
0.410000    1.861778 
0.420000    2.258963 
0.430000    2.757148 
0.440000    3.245741 
0.450000    3.830963 
0.460000    4.515111 
0.470000    5.219666 
0.480000    6.113815 
0.490000    6.972704 
0.500000    7.878222 
0.510000    8.762259 
0.520000    9.758370 
0.530000    10.608593 
0.540000    11.438148 
0.550000    12.084888 
0.560000    12.450963 
0.570000    13.040482 
0.580000    12.989518 
0.590000    12.783185 
0.600000    12.515704 
0.610000    11.760370 
0.620000    11.002704 
0.630000    9.784111 
0.640000    8.656148 
0.650000    7.611259 
0.660000    6.329741 
0.670000    5.311666 
0.680000    4.238259 
0.690000    3.296778 
0.700000    2.679037 
0.710000    1.895481 
0.720000    1.361741 
0.730000    0.977815 
0.740000    0.659889 
0.750000    0.423519 
0.760000    0.233148 
0.770000    0.176444 
0.780000    0.095963 
0.790000    0.056852 
0.800000    0.026444 
0.810000    0.029889 
0.820000    0.007222 
0.830000    0.010296 
0.840000    0.002333 
0.850000    0.001222 
0.860000    0.001148 
0.870000    0.000370 
0.880000    0.000259 
0.890000    0.000000 
0.900000    0.000000 
0.910000    0.000000 
0.920000    0.000037 
0.930000    0.000000 
0.940000    0.000000 
0.950000    0.000000 
0.960000    0.000000 
0.970000    0.000000 
0.980000    0.000000 
0.990000    0.000000 
1.000000    0.000000 
