0.010000    0.000000 
0.020000    0.000000 
0.030000    0.000000 
0.040000    0.000000 
0.050000    0.000000 
0.060000    0.000000 
0.070000    0.000000 
0.080000    0.000000 
0.090000    0.000000 
0.100000    0.000000 
0.110000    0.000000 
0.120000    0.000000 
0.130000    0.000000 
0.140000    0.000000 
0.150000    0.000000 
0.160000    0.000000 
0.170000    0.000000 
0.180000    0.000000 
0.190000    0.000000 
0.200000    0.000000 
0.210000    0.000000 
0.220000    0.000000 
0.230000    0.000000 
0.240000    0.000000 
0.250000    0.000000 
0.260000    0.000000 
0.270000    0.000000 
0.280000    0.000000 
0.290000    0.000000 
0.300000    0.000000 
0.310000    0.000000 
0.320000    0.000000 
0.330000    0.000000 
0.340000    0.000000 
0.350000    0.000000 
0.360000    0.000000 
0.370000    0.000074 
0.380000    0.000296 
0.390000    0.001333 
0.400000    0.003852 
0.410000    0.012000 
0.420000    0.031815 
0.430000    0.084259 
0.440000    0.204185 
0.450000    0.451593 
0.460000    0.964222 
0.470000    1.876074 
0.480000    3.495148 
0.490000    6.168592 
0.500000    10.523815 
0.510000    17.305296 
0.520000    27.847260 
0.530000    44.652889 
0.540000    72.483185 
0.550000    119.204887 
0.560000    198.777145 
0.570000    331.098541 
0.580000    483.132172 
0.590000    550.484192 
0.600000    436.625336 
0.610000    232.290817 
0.620000    81.901855 
0.630000    20.397593 
0.640000    5.220592 
0.650000    1.232778 
0.660000    0.489852 
0.670000    0.184556 
0.680000    0.090037 
0.690000    0.037407 
0.700000    0.017296 
0.710000    0.007000 
0.720000    0.002704 
0.730000    0.000963 
0.740000    0.000370 
0.750000    0.000222 
0.760000    0.000000 
0.770000    0.000000 
0.780000    0.000074 
0.790000    0.000037 
0.800000    0.000000 
0.810000    0.000000 
0.820000    0.000000 
0.830000    0.000000 
0.840000    0.000000 
0.850000    0.000000 
0.860000    0.000000 
0.870000    0.000000 
0.880000    0.000000 
0.890000    0.000000 
0.900000    0.000000 
0.910000    0.000000 
0.920000    0.000000 
0.930000    0.000000 
0.940000    0.000000 
0.950000    0.000000 
0.960000    0.000000 
0.970000    0.000000 
0.980000    0.000000 
0.990000    0.000000 
1.000000    0.000000 
