0.502000    10.505260 
0.504000    10.490074 
0.506000    10.523222 
0.508000    10.467741 
0.510000    17.334888 
0.512000    17.332777 
0.514000    17.309000 
0.516000    17.301481 
0.518000    17.185852 
0.520000    27.952927 
0.522000    27.942703 
0.524000    27.954815 
0.526000    27.963333 
0.528000    27.947592 
0.530000    44.895519 
0.532000    44.887035 
0.534000    44.905628 
0.536000    44.818890 
0.538000    44.909443 
0.540000    72.624924 
0.542000    72.350891 
0.544000    72.479965 
0.546000    72.282257 
0.548000    72.542778 
0.550000    119.222000 
0.552000    118.935448 
0.554000    119.193962 
0.556000    118.462555 
0.558000    119.650185 
0.560000    199.006409 
0.562000    198.462006 
0.564000    200.103104 
0.566000    199.155365 
0.568000    200.280594 
0.570000    326.251251 
0.572000    329.518707 
0.574000    329.218750 
0.576000    326.380432 
0.578000    330.916626 
0.580000    480.011841 
0.582000    482.676117 
0.584000    480.523560 
0.586000    479.816772 
0.588000    481.056671 
0.590000    548.605957 
0.592000    547.644470 
0.594000    545.059570 
0.596000    549.622620 
0.598000    548.528870 
0.600000    434.796844 
0.602000    433.050446 
0.604000    438.257935 
0.606000    439.052032 
0.608000    434.340210 
0.610000    228.720367 
0.612000    232.070709 
0.614000    229.330002 
0.616000    233.753632 
0.618000    225.944366 
0.620000    79.844109 
0.622000    81.455223 
0.624000    81.943596 
0.626000    85.026039 
0.628000    78.641998 
0.630000    21.662296 
0.632000    20.699444 
0.634000    20.796778 
0.636000    22.600147 
0.638000    20.238518 
0.640000    4.945185 
0.642000    4.516148 
0.644000    5.121259 
0.646000    5.004259 
0.648000    5.091037 
0.650000    1.549852 
0.652000    1.396815 
0.654000    1.510444 
0.656000    1.302370 
0.658000    1.465000 
0.660000    1.590111 
0.662000    0.446000 
0.664000    0.474630 
0.666000    0.621259 
0.668000    0.465963 
0.670000    0.203148 
0.672000    0.210593 
0.674000    0.193852 
0.676000    0.187815 
0.678000    0.208667 
0.680000    0.078741 
0.682000    0.080667 
0.684000    0.084778 
0.686000    0.082444 
0.688000    0.088815 
0.690000    0.038148 
0.692000    0.029667 
0.694000    0.034889 
0.696000    0.035111 
0.698000    0.037185 
0.700000    0.016259 
