1    0.000000 
2    0.000000 
3    3.297185 
4    5.254037 
5    7.679555 
6    10.348926 
7    13.337963 
8    16.688593 
9    20.548222 
10    24.622223 
11    28.754482 
12    33.253517 
13    38.477852 
14    44.379074 
15    49.691631 
16    55.725925 
17    61.760777 
18    68.467522 
19    75.805298 
20    82.808891 
21    90.227448 
22    97.343071 
23    106.071594 
24    113.463997 
25    122.310738 
26    131.973068 
27    139.274597 
28    149.633698 
29    159.578033 
30    170.050995 
31    178.146957 
32    189.710037 
33    202.731003 
34    212.954407 
35    222.700043 
36    234.511292 
37    244.132858 
38    260.622253 
39    272.409302 
40    285.066040 
41    292.514954 
42    309.177582 
43    322.691681 
44    332.516296 
45    351.102264 
46    363.806396 
47    382.949860 
48    389.601898 
49    403.943298 
50    426.211853 
51    444.541321 
52    456.908936 
53    469.046417 
54    487.406036 
55    504.553711 
56    514.871094 
57    539.390808 
58    554.881714 
59    559.516357 
60    585.157593 
61    606.093506 
62    629.230347 
63    646.527527 
64    653.957336 
65    673.484741 
66    695.886230 
67    713.807129 
68    737.366821 
69    749.659241 
70    769.041199 
71    800.787231 
72    810.862671 
73    835.884399 
74    850.406616 
75    873.609924 
76    888.046326 
77    910.917053 
78    930.113281 
79    954.803284 
80    985.916870 
81    1000.730835 
82    1032.082642 
83    1054.069580 
84    1058.773315 
85    1093.714355 
86    1122.791748 
87    1134.696045 
88    1147.436890 
89    1178.931763 
90    1199.783569 
91    1242.858643 
92    1264.815430 
93    1265.329834 
94    1295.418213 
95    1311.544434 
96    1346.817749 
97    1372.352905 
98    1409.379150 
99    1428.311279 
100    1456.183960 
101    1465.263062 
102    1513.249878 
103    1537.576050 
104    1551.257446 
105    1560.792236 
106    1631.411377 
107    1602.013062 
108    1647.634644 
109    1683.766968 
110    1743.645020 
111    1724.465942 
112    1749.911133 
113    1789.874512 
114    1841.549438 
115    1824.898193 
116    1861.773682 
117    1895.063843 
118    1945.698120 
119    1983.896606 
120    1983.171387 
121    2030.736206 
122    2056.185547 
123    2052.058105 
124    2124.324707 
125    2117.004395 
126    2157.569580 
127    2206.300537 
128    2222.250488 
